Ladders:

1. 001038(063,964),(114,883),(150,835),(182,788),(215,714),(263,670)
2. 004014(363,988),(427,962),(482,940),(537,919),(582,898),(647,872)
3. 009031(875,971),(902,908),(910,851),(928,793),(948,735),(965,674)
4. 021042(043,755),(071,700),(092,659),(114,611),(136,564)
5. 028084(746,750),(706,694),(677,651),(642,605),(610,550),(579,506),(543,452),(510,399),(462,332),(426,278),(387,217),(361,184)
6. 051067(963,481),(892,450),(844,425),(791,396),(741,372),(688,345)
7. 072091(883,243),(919,175),(941,135),(971,082)
8. 080099(061,235),(091,169),(121,120),(145,072)

Snakes:

1. 017007(336,865),(408,854),(478,881),(528,921),(554,976),(595,995),(621,997),(659,999)
2. 054034(680,464),(741,430),(769,450),(780,487),(760,541),(732,568),(691,586),(648,606),(631,620),(630,651),(646,678)
3. 062019(163,343),(249,342),(261,366),(264,390),(255,408),(225,451),(226,486),(241,507),(270,525),(288,545),(289,568),(272,596),(205,666),(185,706),(196,735),(265,796),(276,818),(253,843),(192,867)
4. 064060(375,383),(290,359),(206,385),(163,422),(130,463),(107,480),(068,485),(033,475),(013,460)
5. 087036(690,182),(622,154),(593,192),(593,209),(605,247),(598,275),(578,295),(546,303),(511,303),(494,329),(526,482),(515,512),(498,525),(447,540),(402,553),(393,570),(403,596),(442,640)
6. 093073(790,071),(853,044),(881,064),(886,093),(886,129),(856,170),(811,190),(745,211),(730,227),(728,250),(735,277)
7. 095075(580,064),(538,015),(517,018),(486,054),(483,120),(513,166),(563,207),(577,231),(577,242),(556,274)
8. 098079(243,053),(293,094),(287,119),(261,150),(223,165),(160,175),(149,194),(160,236),(183,275)
